0 5 3.13
0 14 8.77
0 16 3.70
0 21 5.98
0 24 8.54
0 25 4.71
0 32 8.64
0 40 5.66
0 42 4.65
0 44 8.48
0 46 2.32
0 49 9.03
0 53 7.27
0 57 3.96
0 58 4.44
0 59 8.85
0 65 8.41
0 66 4.08
0 68 4.11
0 73 8.87
0 81 9.81
0 85 7.96
0 91 7.15
0 93 4.55
0 97 9.03
0 98 8.52
1 65 7.72
1 34 5.64
1 99 3.37
1 68 4.32
1 69 5.37
1 38 5.63
1 7 9.71
1 10 7.16
1 44 5.71
1 15 5.65
1 86 3.75
1 56 5.93
1 57 5.47
1 26 5.65
1 60 9.20
1 93 2.97
1 62 2.83
2 4 6.46
2 11 2.66
2 14 5.69
2 17 6.24
2 20 8.35
2 34 5.24
2 35 7.11
2 37 2.31
2 39 4.33
2 45 4.13
2 47 6.02
2 51 4.76
2 52 7.90
2 54 4.54
2 56 8.71
2 62 7.18
2 68 6.30
2 72 3.76
2 79 8.23
2 80 9.97
2 86 8.16
2 91 5.51
2 93 5.73
2 95 7.85
2 97 8.03
2 98 6.38
3 19 1.34
3 80 7.72
3 35 7.21
3 4 2.47
3 81 1.31
3 17 5.05
3 8 4.35
3 41 2.50
3 43 5.45
3 77 5.68
3 63 8.79
3 16 3.40
3 49 7.81
3 82 9.30
3 51 9.93
3 84 2.59
3 23 1.36
3 68 8.90
3 27 6.96
3 60 6.96
3 95 8.53
4 48 7.03
4 34 1.54
4 35 2.96
4 68 7.00
4 38 1.31
4 6 9.48
4 28 8.30
4 98 7.48
4 45 8.98
4 80 1.72
4 81 3.30
4 82 6.28
4 52 3.37
4 53 1.56
4 86 1.25
4 88 6.96
4 92 2.16
4 30 1.66
4 95 1.67
5 4 1.50
5 6 7.40
5 8 7.00
5 9 2.19
5 13 6.15
5 15 4.97
5 17 4.25
5 19 9.31
5 20 5.85
5 24 3.02
5 27 2.82
5 28 4.36
5 30 7.61
5 34 8.68
5 51 4.63
5 53 7.99
5 56 5.02
5 63 2.18
5 64 9.66
5 90 6.06
5 92 1.36
5 97 5.76
5 98 3.94
5 99 9.52
6 0 9.44
6 1 9.37
6 3 4.03
6 5 1.93
6 15 6.15
6 18 5.58
6 24 2.82
6 28 1.62
6 37 2.32
6 40 2.11
6 42 2.81
6 44 7.36
6 46 4.42
6 48 7.59
6 57 3.14
6 64 3.37
6 73 5.86
6 77 9.07
6 79 8.12
6 82 1.40
6 84 5.48
6 85 3.23
6 91 2.13
7 32 2.36
7 65 8.26
7 66 8.93
7 4 5.76
7 56 1.72
7 49 1.04
7 8 9.37
7 9 6.98
7 13 8.93
7 78 3.34
7 93 9.50
7 16 4.43
7 81 2.92
7 84 2.70
7 55 6.27
7 24 6.26
7 52 9.22
7 91 1.15
7 92 1.84
7 61 4.65
7 31 7.84
8 32 8.29
8 2 7.09
8 35 1.58
8 68 2.01
8 70 4.43
8 39 4.88
8 9 5.56
8 10 9.68
8 75 8.22
8 82 8.30
8 46 9.57
8 77 8.27
8 18 6.75
8 19 2.51
8 87 6.78
8 42 4.98
9 32 4.42
9 65 9.61
9 70 3.53
9 39 2.19
9 73 4.05
9 10 8.08
9 46 4.42
9 15 7.26
9 16 1.34
9 49 3.31
9 51 5.87
9 20 8.02
9 14 1.64
9 86 5.90
9 87 5.24
9 58 2.34
9 74 4.82
10 0 4.61
10 97 3.32
10 2 8.22
10 99 6.62
10 68 8.63
10 37 8.70
10 65 1.47
10 73 6.16
10 62 9.14
10 76 4.06
10 46 2.34
10 47 7.83
10 51 8.84
10 21 6.33
10 86 8.78
10 23 6.48
10 30 6.55
10 85 6.63
11 0 4.76
11 98 8.71
11 35 9.23
11 81 7.43
11 45 1.23
11 46 1.84
11 80 6.82
11 49 5.61
11 99 1.33
11 22 4.86
11 93 7.82
11 30 8.23
11 63 2.51
12 4 5.92
12 74 7.41
12 44 9.85
12 50 4.00
12 78 8.76
12 61 2.11
12 18 7.35
12 89 8.87
12 55 8.90
12 24 3.33
12 25 2.45
12 29 7.29
13 1 1.25
13 2 7.04
13 5 3.52
13 7 6.94
13 11 9.01
13 14 8.88
13 22 8.93
13 30 3.26
13 31 9.83
13 33 9.96
13 34 9.95
13 45 1.55
13 48 4.24
13 49 8.49
13 50 3.55
13 53 2.92
13 58 6.44
13 60 1.89
13 62 6.92
13 70 2.48
13 71 3.05
13 73 4.90
13 80 3.67
13 82 8.97
13 84 8.44
13 86 3.49
13 90 8.38
14 12 7.09
14 13 9.33
14 16 7.63
14 21 3.05
14 22 9.22
14 23 3.35
14 26 2.30
14 31 3.24
14 35 8.60
14 39 5.10
14 44 6.66
14 49 6.68
14 50 7.61
14 51 1.18
14 52 7.20
14 67 2.47
14 73 5.52
14 74 2.86
14 83 2.57
14 92 5.07
14 97 9.95
14 98 2.08
15 0 1.44
15 9 3.98
15 10 3.71
15 11 2.76
15 14 3.92
15 16 8.36
15 17 8.37
15 18 3.15
15 23 5.13
15 25 5.85
15 36 8.52
15 40 3.12
15 47 5.74
15 48 5.76
15 53 6.75
15 55 8.15
15 58 6.29
15 64 3.62
15 66 9.91
15 67 4.13
15 68 9.66
15 89 7.86
15 92 1.07
15 94 3.06
15 99 9.40
16 8 7.12
16 11 3.60
16 14 1.57
16 18 7.15
16 20 9.24
16 30 7.75
16 36 2.74
16 41 9.74
16 43 7.75
16 46 4.69
16 68 2.55
16 70 7.30
16 73 1.04
16 76 1.24
16 79 1.26
16 81 7.70
16 82 2.92
16 83 6.66
16 85 2.47
16 95 3.19
16 97 7.18
16 98 6.43
17 0 4.92
17 2 4.68
17 3 2.24
17 5 9.50
17 10 8.99
17 13 9.95
17 15 2.42
17 16 1.56
17 18 8.88
17 27 7.92
17 28 7.02
17 30 2.96
17 32 4.83
17 43 3.11
17 50 4.02
17 52 5.47
17 60 1.44
17 65 7.05
17 68 9.58
17 71 3.37
17 77 6.40
17 79 3.05
17 85 4.99
17 91 3.98
17 95 5.38
17 99 7.62
18 4 4.71
18 81 5.36
18 8 3.25
18 41 8.75
18 74 9.81
18 43 4.55
18 44 4.96
18 13 7.49
18 14 2.70
18 17 9.73
18 50 2.83
18 83 9.28
18 52 4.95
18 46 1.27
18 57 7.70
18 72 4.71
18 20 2.01
18 60 6.69
18 62 6.24
19 2 2.69
19 4 1.15
19 5 4.75
19 16 1.61
19 17 3.82
19 23 3.51
19 25 4.76
19 26 5.68
19 35 2.86
19 36 5.67
19 39 6.33
19 45 5.46
19 46 1.88
19 49 5.22
19 52 1.39
19 56 5.04
19 68 3.21
19 69 2.97
19 71 8.46
19 74 5.34
19 76 4.21
19 89 6.84
20 96 1.20
20 34 9.16
20 67 2.08
20 98 9.79
20 38 4.74
20 39 5.85
20 8 8.95
20 9 9.21
20 74 6.94
20 11 8.08
20 66 2.69
20 14 9.83
20 40 2.88
20 50 8.14
20 84 1.34
20 6 8.71
20 95 4.22
20 42 2.49
20 69 3.94
20 63 8.56
21 2 1.99
21 5 1.27
21 7 1.64
21 8 7.04
21 9 5.71
21 12 9.62
21 20 5.86
21 24 5.36
21 29 2.83
21 30 4.27
21 37 8.66
21 38 9.88
21 44 9.72
21 49 6.40
21 60 1.76
21 67 3.62
21 68 3.66
21 71 3.29
21 74 4.82
21 76 8.26
21 83 7.99
21 96 5.33
21 98 4.67
22 97 1.52
22 35 4.33
22 1 1.05
22 69 2.12
22 6 4.49
22 39 7.86
22 74 3.74
22 75 6.59
22 14 3.75
22 47 4.24
22 16 9.72
22 81 9.19
22 52 8.49
22 78 7.71
22 20 7.80
22 95 7.84
22 42 5.03
22 94 7.15
22 5 6.42
23 10 9.17
23 17 3.59
23 18 2.49
23 20 9.23
23 26 7.91
23 27 8.20
23 32 6.39
23 33 9.84
23 34 2.94
23 36 1.27
23 37 3.41
23 38 5.64
23 46 7.79
23 48 5.63
23 51 3.04
23 54 9.60
23 60 4.62
23 61 7.52
23 63 6.37
23 66 5.35
23 74 8.96
23 89 2.33
23 93 3.08
24 32 9.95
24 97 9.20
24 22 9.91
24 7 8.84
24 9 9.02
24 43 7.60
24 12 4.68
24 77 9.84
24 96 8.66
24 80 1.38
24 92 6.84
24 51 1.02
24 85 4.89
24 86 2.79
24 23 9.64
24 88 6.79
24 26 2.56
24 28 8.87
25 3 1.47
25 7 7.47
25 12 7.72
25 17 9.79
25 21 1.78
25 24 8.93
25 29 1.64
25 39 1.01
25 47 3.08
25 50 4.21
25 51 7.79
25 55 2.07
25 56 7.16
25 57 8.83
25 59 3.59
25 66 8.88
25 70 5.38
25 75 2.62
25 83 8.30
25 84 3.49
25 90 7.90
25 91 7.34
25 93 7.05
25 94 1.09
25 95 4.69
26 0 3.38
26 97 9.13
26 66 5.86
26 35 7.69
26 36 3.31
26 70 4.20
26 38 5.99
26 71 5.01
26 43 6.73
26 13 6.90
26 88 1.73
26 51 8.65
26 87 2.57
26 56 3.23
26 89 3.12
26 27 6.61
26 31 2.65
27 64 3.31
27 96 5.30
27 3 5.53
27 69 5.95
27 32 7.22
27 9 4.87
27 79 3.79
27 43 6.41
27 77 2.91
27 78 5.88
27 45 1.89
27 49 7.83
27 14 2.29
27 46 1.91
27 73 3.92
27 25 7.85
27 26 1.09
27 91 2.04
27 61 3.07
27 62 5.95
27 85 2.56
28 98 3.24
28 99 7.86
28 68 1.39
28 37 2.51
28 39 2.90
28 44 5.90
28 2 8.54
28 77 7.77
28 79 7.94
28 84 2.35
28 85 5.75
28 24 8.20
28 90 4.27
28 91 2.48
28 92 2.75
28 62 5.91
28 95 9.43
29 33 3.09
29 66 5.48
29 99 9.78
29 69 1.50
29 97 9.07
29 46 8.89
29 12 8.67
29 78 9.90
29 47 2.79
29 11 1.59
29 88 8.14
29 62 6.09
29 71 3.51
29 23 8.68
29 56 7.62
29 39 8.78
29 90 1.07
29 60 4.49
29 93 2.26
29 94 2.60
30 0 3.23
30 4 5.74
30 6 3.89
30 9 4.35
30 12 3.52
30 15 9.23
30 17 2.27
30 18 2.84
30 27 4.74
30 29 9.05
30 32 7.69
30 34 1.97
30 37 9.03
30 44 1.42
30 52 1.23
30 54 7.37
30 58 6.45
30 60 1.01
30 64 3.19
30 73 2.79
30 84 2.89
30 87 4.29
30 92 5.13
30 98 8.39
31 0 5.58
31 33 6.30
31 35 3.15
31 4 2.73
31 38 9.77
31 8 4.11
31 96 6.55
31 74 6.74
31 80 1.33
31 3 4.04
31 52 3.09
31 21 1.98
31 25 4.72
31 27 1.78
31 93 4.04
31 94 7.85
32 1 2.54
32 98 1.20
32 5 2.62
32 38 5.10
32 9 8.21
32 66 9.39
32 79 5.83
32 51 2.53
32 22 4.50
32 23 8.09
32 26 9.76
32 27 9.16
32 94 8.48
33 2 6.45
33 99 3.23
33 39 6.23
33 43 7.57
33 13 3.63
33 14 8.68
33 93 8.24
33 81 6.05
33 51 3.27
33 46 7.86
33 88 7.64
33 27 1.51
33 92 1.30
33 29 1.26
33 31 6.03
34 96 2.26
34 2 9.49
34 67 2.83
34 5 4.99
34 71 3.10
34 43 9.18
34 13 5.34
34 17 5.28
34 18 4.96
34 51 6.21
34 53 4.68
34 54 4.18
34 62 7.90
34 86 3.76
34 37 8.63
34 85 6.99
34 31 9.01
35 96 5.61
35 64 1.70
35 2 1.73
35 67 5.89
35 37 1.82
35 71 3.72
35 9 7.35
35 49 1.91
35 3 3.29
35 84 9.15
35 85 1.38
35 22 1.97
35 26 9.82
35 58 3.30
36 3 1.07
36 7 9.71
36 9 6.72
36 18 3.93
36 19 7.03
36 20 1.00
36 24 5.34
36 26 5.22
36 31 3.56
36 34 3.32
36 35 7.54
36 41 7.06
36 46 4.24
36 48 7.12
36 50 2.43
36 60 7.67
36 63 3.89
36 65 4.34
36 69 6.75
36 73 6.98
36 83 3.20
36 88 7.56
36 92 5.99
36 93 2.47
37 0 2.65
37 97 1.91
37 99 6.54
37 9 5.09
37 45 5.57
37 46 2.01
37 61 9.13
37 82 4.88
37 62 8.94
37 22 7.72
37 56 3.99
37 89 1.46
37 59 5.54
37 93 1.98
37 30 5.37
37 95 3.80
38 65 7.59
38 8 4.43
38 73 9.74
38 79 1.67
38 52 7.29
38 94 8.41
38 90 6.66
38 59 7.44
38 30 2.28
39 32 9.53
39 66 9.82
39 35 1.09
39 68 2.80
39 71 4.23
39 41 8.41
39 74 4.33
39 7 10.00
39 44 1.34
39 77 6.53
39 29 7.53
39 82 2.87
39 20 3.10
39 94 1.06
39 4 8.68
39 93 8.64
39 62 4.96
40 3 7.82
40 34 7.30
40 43 7.14
40 5 2.79
40 70 6.76
40 71 7.66
40 75 2.24
40 44 9.04
40 45 4.59
40 93 4.97
40 98 4.59
40 19 1.17
40 52 8.27
40 85 9.10
40 22 8.46
40 89 1.88
40 25 5.67
40 6 1.03
40 59 5.25
40 29 3.61
40 37 6.11
41 58 2.85
41 51 3.35
41 98 6.82
41 67 6.18
41 36 9.78
41 5 5.10
41 3 8.56
41 9 5.89
41 70 3.29
41 47 4.34
41 48 6.08
41 56 5.09
41 35 1.54
41 88 3.63
41 89 9.57
41 26 3.91
41 63 8.57
41 92 3.84
41 29 8.90
41 62 6.17
41 69 2.53
42 33 3.58
42 66 5.97
42 3 2.07
42 97 6.50
42 6 3.14
42 39 7.44
42 41 6.69
42 43 6.98
42 76 5.45
42 14 1.26
42 47 7.85
42 48 3.40
42 50 3.99
42 67 7.16
42 52 7.54
42 85 5.31
42 54 9.09
42 92 7.26
42 93 3.98
43 64 9.24
43 33 6.00
43 34 9.53
43 99 3.36
43 6 6.26
43 0 3.05
43 7 5.69
43 40 6.33
43 38 3.76
43 96 5.24
43 49 9.45
43 52 6.24
43 8 7.39
43 73 8.98
43 24 5.81
43 27 7.61
43 60 2.97
43 94 9.90
43 31 1.39
44 64 5.22
44 33 5.82
44 98 3.60
44 35 4.34
44 68 8.36
44 6 6.38
44 71 7.86
44 8 7.82
44 42 6.60
44 11 1.63
44 45 2.93
44 15 2.80
44 80 4.76
44 34 2.33
44 52 8.60
44 21 4.24
44 57 7.87
44 63 6.09
45 0 9.29
45 3 6.56
45 6 4.11
45 11 1.38
45 14 9.22
45 19 6.40
45 21 5.83
45 28 5.05
45 29 4.82
45 39 4.86
45 41 9.05
45 51 4.18
45 54 8.28
45 57 7.18
45 69 7.88
45 70 5.92
45 73 6.24
45 76 9.72
45 79 1.88
45 81 9.49
45 83 6.10
45 87 1.43
46 0 7.75
46 3 6.78
46 10 3.66
46 11 1.46
46 16 8.29
46 19 8.42
46 20 6.41
46 22 8.06
46 24 1.80
46 34 3.07
46 47 3.91
46 50 1.16
46 63 3.19
46 64 6.26
46 66 7.71
46 67 8.20
46 74 4.99
46 76 1.53
46 78 8.01
46 79 3.20
46 84 6.55
46 86 4.87
46 88 2.69
46 89 7.72
46 95 5.63
47 64 3.62
47 66 9.72
47 4 1.76
47 71 1.19
47 72 1.46
47 63 6.08
47 74 1.54
47 23 1.90
47 44 8.81
47 50 5.53
47 17 4.32
47 82 6.54
47 19 1.51
47 87 1.37
47 56 4.75
47 10 1.07
47 29 5.64
47 94 5.62
47 31 3.80
48 97 4.11
48 66 1.98
48 99 2.94
48 68 6.18
48 1 9.56
48 75 7.83
48 41 2.95
48 67 2.83
48 45 7.77
48 14 5.27
48 79 7.11
48 50 6.32
48 81 3.17
48 82 7.18
48 83 9.79
48 20 4.39
48 22 5.14
48 52 6.62
48 15 3.28
49 34 9.62
49 67 4.53
49 4 3.90
49 73 4.02
49 76 2.89
49 45 5.65
49 17 9.13
49 3 3.19
49 22 3.13
49 89 5.16
49 90 2.78
49 91 9.47
49 92 7.41
49 30 2.66
50 33 3.20
50 67 4.56
50 36 2.49
50 69 2.21
50 65 5.24
50 72 5.62
50 41 1.96
50 46 5.39
50 24 2.00
50 27 1.06
50 81 1.61
50 1 6.72
50 86 6.73
50 56 1.01
50 59 7.66
50 61 1.33
51 2 4.38
51 59 4.75
51 66 3.01
51 37 4.72
51 70 2.93
51 7 1.10
51 75 3.70
51 44 2.56
51 98 3.63
51 14 7.37
51 15 4.20
51 16 8.57
51 18 6.28
51 23 5.91
51 79 9.09
51 28 3.18
51 94 5.08
52 0 1.48
52 34 8.70
52 99 9.27
52 68 5.59
52 69 4.67
52 7 7.59
52 40 1.35
52 43 3.40
52 80 9.52
52 72 6.25
52 18 5.53
52 21 7.34
52 22 1.28
52 25 3.57
52 27 6.74
52 37 8.12
52 63 5.54
53 2 9.93
53 3 9.49
53 6 4.21
53 8 5.31
53 12 1.33
53 13 2.71
53 19 8.19
53 21 7.43
53 22 7.16
53 28 9.82
53 34 2.50
53 58 2.90
53 61 5.94
53 65 6.69
53 68 2.67
53 72 6.88
53 76 3.88
53 77 3.11
53 81 1.81
53 82 3.95
53 87 3.01
53 99 2.57
54 0 1.58
54 1 6.46
54 6 9.43
54 10 8.58
54 11 7.22
54 16 4.79
54 23 9.31
54 25 8.11
54 30 6.64
54 31 6.17
54 42 2.66
54 43 6.39
54 51 5.07
54 64 8.74
54 66 3.34
54 69 3.50
54 70 5.31
54 74 1.78
54 75 1.67
54 78 2.16
54 82 7.49
54 83 5.51
54 84 1.28
54 87 5.74
54 89 3.21
54 92 5.15
55 5 1.66
55 8 8.72
55 17 8.07
55 21 1.57
55 27 6.76
55 34 6.35
55 37 4.21
55 44 3.89
55 46 6.80
55 50 2.87
55 54 9.37
55 56 9.14
55 71 1.92
55 77 1.58
55 78 2.24
55 81 5.42
55 82 4.59
55 87 6.99
55 88 3.47
55 89 2.22
55 93 2.69
55 99 4.55
56 97 8.17
56 2 7.03
56 69 7.09
56 38 6.57
56 74 9.56
56 70 4.37
56 14 2.49
56 83 8.12
56 90 9.80
56 20 8.49
56 58 9.54
56 92 3.44
56 29 5.63
56 37 2.10
57 1 1.70
57 3 1.22
57 10 8.90
57 14 6.80
57 16 8.65
57 18 2.68
57 32 6.40
57 33 4.78
57 37 4.32
57 39 3.57
57 44 7.67
57 46 8.80
57 50 5.18
57 52 9.66
57 53 3.05
57 55 8.09
57 59 8.35
57 61 9.99
57 63 6.77
57 83 4.66
57 84 6.00
57 89 3.02
57 97 8.42
58 1 3.88
58 5 6.28
58 8 1.97
58 11 6.50
58 13 2.78
58 15 6.74
58 18 5.58
58 21 6.93
58 23 9.91
58 25 7.32
58 30 8.98
58 33 9.76
58 45 6.78
58 53 7.99
58 55 1.10
58 56 1.79
58 61 4.83
58 69 4.31
58 72 2.83
58 73 3.39
58 82 2.51
58 94 9.15
58 97 8.56
59 6 9.96
59 12 9.39
59 14 7.53
59 21 6.64
59 22 1.54
59 23 4.55
59 30 1.35
59 34 5.71
59 39 1.97
59 50 2.61
59 55 4.96
59 56 8.89
59 63 4.34
59 67 4.76
59 68 7.21
59 70 9.99
59 71 9.82
59 72 7.91
59 73 3.77
59 78 8.37
59 86 4.21
59 88 1.53
59 96 4.54
60 34 1.37
60 37 4.68
60 7 3.10
60 75 8.50
60 45 9.66
60 50 6.80
60 21 3.69
60 22 5.74
60 87 7.07
60 24 1.87
60 92 4.38
60 30 4.80
60 95 4.18
61 65 4.46
61 66 2.93
61 5 4.37
61 38 2.99
61 73 2.89
61 12 2.55
61 82 9.37
61 9 2.78
61 54 2.07
61 87 3.56
61 25 8.81
61 59 4.44
61 94 1.56
62 65 5.05
62 99 6.80
62 91 1.64
62 33 1.68
62 70 8.39
62 39 5.23
62 8 7.83
62 73 7.08
62 42 7.51
62 76 5.30
62 14 6.00
62 44 1.25
62 18 5.85
62 35 4.93
62 55 4.34
62 88 8.82
62 89 5.91
62 27 3.99
62 69 6.39
63 45 6.12
63 59 9.91
63 68 7.60
63 5 2.85
63 7 9.28
63 75 7.69
63 77 6.22
63 13 9.60
63 34 5.01
63 49 9.07
63 83 7.57
63 20 7.96
63 85 4.37
63 91 6.24
63 30 5.17
64 0 7.17
64 98 4.91
64 36 3.23
64 69 9.27
64 13 1.27
64 46 4.32
64 17 1.29
64 53 8.58
64 58 3.85
64 59 1.31
64 37 6.73
65 0 6.40
65 27 1.70
65 72 6.48
65 73 9.40
65 87 1.74
65 13 1.80
65 78 8.69
65 8 8.31
65 22 1.69
65 55 8.39
65 89 7.46
65 26 2.58
65 59 4.70
65 61 1.87
65 95 9.67
66 18 9.08
66 36 4.34
66 37 6.42
66 38 6.35
66 71 6.49
66 73 1.97
66 10 2.05
66 43 2.69
66 50 2.22
66 46 1.59
66 81 5.98
66 82 3.02
66 51 8.28
66 56 1.06
66 90 7.34
66 26 3.11
66 62 5.88
66 63 1.33
67 98 8.03
67 35 3.84
67 36 8.95
67 73 9.20
67 43 2.49
67 14 1.09
67 29 3.11
67 50 1.98
67 83 1.63
67 53 5.38
67 59 4.46
67 61 1.81
67 31 4.18
68 67 6.47
68 4 4.67
68 22 6.04
68 40 2.69
68 10 5.48
68 13 6.80
68 49 5.09
68 19 2.05
68 20 3.86
68 54 4.14
68 23 2.18
68 36 7.05
68 58 3.60
69 64 7.06
69 1 8.24
69 66 5.67
69 4 6.27
69 22 3.85
69 38 9.85
69 33 1.12
69 8 6.96
69 41 2.71
69 10 9.67
69 13 2.27
69 78 6.32
69 16 4.18
69 40 1.23
69 42 5.35
69 54 6.97
69 87 5.73
69 26 3.08
69 92 7.02
69 29 5.38
70 3 8.34
70 8 2.85
70 10 4.77
70 13 5.80
70 14 1.01
70 16 7.29
70 18 2.99
70 20 2.81
70 21 5.21
70 22 8.96
70 30 7.89
70 35 4.84
70 38 5.73
70 39 5.15
70 40 6.39
70 44 7.21
70 46 3.13
70 51 9.16
70 56 9.65
70 61 6.48
70 65 8.91
70 67 6.30
70 69 9.93
70 76 9.41
70 80 3.90
70 83 3.47
70 89 4.23
70 91 4.77
70 92 1.89
70 94 8.90
71 0 2.99
71 4 9.52
71 5 9.72
71 8 6.19
71 13 8.83
71 18 9.57
71 19 3.42
71 21 2.40
71 22 8.57
71 25 5.11
71 26 5.88
71 31 5.47
71 34 5.46
71 36 1.94
71 41 9.86
71 47 6.84
71 54 3.27
71 60 7.93
71 73 2.35
71 75 1.46
71 78 9.47
71 81 6.91
71 84 8.33
71 85 8.22
71 86 4.79
71 96 9.05
72 96 3.93
72 33 5.16
72 34 4.74
72 35 1.24
72 6 5.96
72 1 6.98
72 74 1.84
72 39 8.02
72 45 2.71
72 78 6.42
72 47 8.23
72 81 6.87
72 51 1.26
72 53 1.63
72 54 4.68
72 59 1.80
72 21 5.32
72 29 1.97
72 30 7.95
72 85 3.16
73 0 2.58
73 65 2.76
73 99 7.14
73 36 8.66
73 69 1.12
73 6 9.13
73 9 4.62
73 74 6.16
73 44 5.44
73 28 3.08
73 16 9.80
73 49 8.49
73 53 8.58
73 3 6.54
73 46 2.34
73 87 3.23
73 24 8.89
73 38 1.06
73 60 2.42
73 37 5.73
73 95 6.70
74 3 7.20
74 7 5.99
74 11 6.05
74 12 7.40
74 13 6.65
74 14 4.52
74 17 7.19
74 20 3.06
74 23 2.35
74 33 1.50
74 36 7.25
74 44 1.25
74 46 5.68
74 50 4.64
74 52 3.58
74 54 5.01
74 57 5.09
74 59 7.50
74 61 5.03
74 67 2.28
74 68 1.54
74 73 4.54
74 81 8.02
74 84 4.64
74 90 9.77
75 64 9.54
75 67 9.55
75 4 2.83
75 6 2.74
75 7 6.80
75 40 3.81
75 73 3.85
75 10 3.05
75 76 9.09
75 48 3.20
75 72 1.11
75 50 7.29
75 3 3.59
75 94 9.13
75 88 8.86
75 36 5.94
75 93 3.90
75 62 3.09
75 31 6.10
76 3 3.21
76 51 4.05
76 66 2.65
76 35 7.40
76 6 2.05
76 70 1.11
76 7 7.67
76 73 9.09
76 75 7.51
76 98 7.53
76 11 6.04
76 49 8.53
76 83 2.48
76 9 3.06
76 88 6.01
76 26 6.93
76 59 9.45
76 60 2.73
76 58 9.11
77 0 2.27
77 1 2.86
77 7 2.30
77 12 1.94
77 15 9.58
77 21 7.61
77 27 7.30
77 34 1.89
77 42 3.84
77 47 1.54
77 52 5.95
77 53 7.25
77 56 5.97
77 63 7.73
77 67 8.53
77 70 3.97
77 71 7.88
77 73 4.44
77 74 6.07
77 76 8.64
77 81 5.34
77 98 8.02
78 1 2.93
78 5 7.77
78 15 7.28
78 16 2.99
78 23 8.45
78 25 4.21
78 33 6.82
78 38 2.74
78 39 3.07
78 44 9.83
78 52 7.18
78 54 4.42
78 55 7.05
78 57 1.72
78 60 3.48
78 67 9.12
78 72 4.40
78 76 5.37
78 77 7.82
78 79 4.52
78 80 1.22
78 86 5.58
78 92 2.45
78 94 7.35
79 14 8.79
79 33 1.71
79 18 7.48
79 38 3.99
79 40 5.20
79 9 4.14
79 10 6.08
79 11 5.29
79 19 2.84
79 78 7.27
79 82 6.28
79 83 9.72
79 20 9.33
79 21 6.25
79 89 9.29
79 24 4.29
79 52 4.75
79 91 2.30
79 60 3.15
79 30 8.67
79 63 3.89
80 3 4.76
80 6 4.18
80 8 6.04
80 11 6.10
80 12 7.08
80 20 6.64
80 21 4.88
80 28 7.29
80 29 4.63
80 31 9.04
80 32 2.30
80 34 6.18
80 35 7.05
80 37 8.86
80 40 8.92
80 48 9.50
80 54 1.76
80 62 7.81
80 68 4.02
80 81 1.67
80 82 6.75
80 84 2.75
80 85 2.51
80 87 4.67
80 90 4.26
80 91 4.60
80 95 1.36
80 98 6.45
81 0 8.31
81 3 5.07
81 7 1.86
81 13 9.42
81 15 3.16
81 16 9.68
81 18 9.79
81 22 6.04
81 24 9.12
81 26 6.95
81 31 8.38
81 32 7.45
81 37 5.60
81 49 3.05
81 51 8.88
81 54 6.09
81 68 7.45
81 70 1.95
81 72 9.23
81 83 7.85
81 84 2.64
81 88 2.56
81 92 8.30
82 80 1.39
82 66 3.44
82 68 2.94
82 6 5.79
82 72 3.00
82 11 6.29
82 98 7.62
82 78 8.65
82 48 7.09
82 81 1.06
82 18 9.83
82 52 9.96
82 30 4.98
82 86 4.84
82 23 1.09
82 25 6.74
82 92 1.82
82 61 4.45
82 62 5.90
82 63 8.62
83 65 1.27
83 2 5.47
83 49 7.78
83 6 4.94
83 39 8.34
83 8 8.01
83 76 6.09
83 74 5.95
83 44 2.54
83 50 5.96
83 12 6.66
83 15 5.34
83 17 3.19
83 18 8.26
83 20 3.14
83 53 7.69
83 86 9.73
83 73 7.66
83 57 8.86
83 27 3.70
83 10 5.72
84 2 8.21
84 5 4.02
84 6 5.60
84 7 4.26
84 10 3.70
84 13 8.14
84 31 2.01
84 33 3.00
84 37 2.58
84 38 7.19
84 43 2.89
84 46 2.46
84 64 7.28
84 65 1.76
84 66 1.39
84 67 4.71
84 70 3.26
84 74 7.12
84 76 9.67
84 77 4.09
84 94 6.24
84 96 2.54
85 84 3.94
85 65 7.93
85 67 3.79
85 3 6.95
85 38 2.07
85 71 4.26
85 45 3.00
85 47 1.24
85 49 6.98
85 19 9.53
85 52 4.89
85 24 7.49
85 55 3.49
85 56 2.94
85 89 2.48
85 59 6.43
86 96 6.30
86 64 2.76
86 2 9.09
86 99 1.09
86 4 6.48
86 38 2.42
86 40 1.19
86 73 5.20
86 44 9.53
86 77 5.97
86 19 2.99
86 84 5.14
86 87 1.94
86 57 2.34
86 90 7.90
86 92 4.42
86 30 5.72
86 63 8.07
87 2 7.07
87 17 4.23
87 22 7.70
87 25 7.30
87 27 5.59
87 37 2.70
87 38 3.34
87 39 3.98
87 40 8.38
87 45 1.85
87 47 4.30
87 49 4.04
87 53 7.74
87 54 5.94
87 55 5.26
87 58 4.37
87 59 1.80
87 64 5.59
87 67 9.21
87 73 5.02
87 77 5.39
87 88 1.25
88 2 9.94
88 4 7.91
88 6 9.28
88 7 8.19
88 9 5.87
88 10 4.39
88 23 2.87
88 25 4.50
88 27 9.30
88 28 9.88
88 31 2.92
88 32 1.98
88 36 8.41
88 39 4.98
88 46 3.67
88 50 4.60
88 59 1.79
88 68 4.34
88 69 1.87
88 71 9.08
88 73 1.27
88 87 9.41
88 89 5.18
88 90 8.90
88 91 2.84
88 92 5.19
89 64 8.83
89 1 4.17
89 34 4.11
89 35 7.08
89 42 1.74
89 67 4.88
89 44 1.00
89 47 8.04
89 80 3.75
89 18 7.56
89 19 6.93
89 85 2.85
89 55 6.84
89 90 2.15
89 59 1.76
89 94 3.20
89 30 8.24
90 65 5.91
90 66 2.33
90 70 9.64
90 74 1.27
90 75 6.20
90 2 6.57
90 78 1.40
90 29 9.61
90 17 9.61
90 51 4.21
90 85 7.13
90 24 8.98
90 87 1.07
90 88 7.98
90 59 2.49
90 28 8.23
90 10 3.48
90 94 5.68
91 0 9.86
91 3 1.26
91 9 8.16
91 12 4.77
91 16 6.40
91 20 4.26
91 21 6.73
91 24 7.11
91 25 3.76
91 27 5.66
91 31 1.27
91 36 2.85
91 40 4.84
91 55 4.56
91 60 6.15
91 63 6.54
91 66 3.53
91 69 9.02
91 70 8.99
91 82 2.24
91 84 8.16
91 89 9.25
91 99 4.78
92 6 8.70
92 8 3.05
92 16 5.64
92 25 2.27
92 27 6.35
92 28 4.42
92 31 6.12
92 33 4.07
92 35 5.89
92 36 3.61
92 37 3.84
92 39 9.49
92 41 8.85
92 44 5.00
92 50 5.50
92 55 2.76
92 58 3.27
92 63 6.30
92 64 2.85
92 68 7.15
92 70 5.46
92 75 1.36
92 78 1.77
92 97 5.88
92 98 5.57
93 96 9.30
93 1 1.91
93 52 5.13
93 97 9.13
93 68 5.40
93 71 6.81
93 40 7.14
93 64 7.26
93 74 6.16
93 13 8.10
93 47 5.48
93 45 6.55
93 49 8.62
93 84 3.29
93 56 1.56
93 4 7.63
93 26 4.76
93 15 7.54
93 60 8.89
93 63 3.75
94 96 7.50
94 33 8.12
94 2 1.61
94 3 2.26
94 36 2.03
94 6 5.63
94 38 7.85
94 73 8.03
94 75 3.68
94 47 5.41
94 43 2.12
94 19 6.90
94 20 7.77
94 22 7.16
94 41 8.62
94 91 1.52
94 31 7.18
95 1 8.66
95 16 7.99
95 17 4.59
95 19 9.89
95 21 6.17
95 23 8.73
95 27 4.79
95 28 5.49
95 35 4.48
95 38 7.60
95 42 8.70
95 58 5.53
95 60 4.15
95 63 7.63
95 67 4.85
95 68 6.14
95 80 5.17
95 83 7.01
95 84 2.12
95 87 2.31
95 89 8.01
95 93 6.42
96 0 9.39
96 5 9.31
96 13 7.67
96 15 3.45
96 18 7.40
96 22 6.05
96 24 3.45
96 27 3.85
96 31 6.24
96 33 4.53
96 35 5.24
96 36 5.26
96 38 9.58
96 41 6.84
96 43 3.99
96 44 9.57
96 50 4.89
96 52 3.71
96 53 4.69
96 54 6.04
96 59 7.57
96 60 5.04
96 69 6.27
96 70 9.50
96 71 1.76
96 78 3.89
96 79 7.23
96 81 5.73
96 85 9.80
96 86 6.57
96 88 3.73
96 93 5.60
96 98 4.92
97 12 1.43
97 14 5.39
97 33 1.32
97 37 5.35
97 38 6.01
97 41 7.83
97 43 2.01
97 45 6.69
97 50 5.49
97 52 9.85
97 57 2.03
97 61 1.57
97 69 5.43
97 72 6.89
97 73 7.50
97 77 3.85
97 79 4.43
97 83 5.75
97 84 4.95
97 87 8.06
97 91 9.05
97 96 1.13
98 0 1.68
98 3 6.83
98 6 7.33
98 11 1.52
98 16 7.38
98 24 2.29
98 28 1.98
98 33 2.53
98 34 7.40
98 40 1.74
98 42 7.92
98 45 9.71
98 46 2.53
98 47 1.78
98 54 2.41
98 57 6.77
98 58 7.78
98 64 5.74
98 65 2.37
98 70 6.94
98 75 3.31
98 76 1.65
98 88 6.18
98 89 9.59
98 90 8.23
98 96 2.52
98 97 9.70
99 1 7.31
99 98 6.79
99 34 6.96
99 4 2.39
99 33 4.92
99 49 6.12
99 8 8.48
99 2 4.13
99 13 6.50
99 45 2.68
99 78 8.38
99 61 7.46
99 80 8.65
99 17 7.10
99 55 1.06
99 15 7.07
99 93 1.73
99 62 9.75
99 63 9.71
